[filenames]
001 = 001.png

[light rotations]
001 = 0.00000, 0.00000, 0.00000	

[info]
camera_location = 0.00000, 0.00000, 10.00000 [m]
camera_rotation = 0.00000, 0.00000, 0.00000 [rad]
camera_intrinsic = [888.8888888888889, 0, 320.0, 0, 1000.0, 240.0, 0, 0, 1]
Sphere_location = 0.00000, 0.00000, 0.00000 [m]
Sphere_rotation = 0.00000, -0.00000, 0.00000 [rad]
Sphere_vertices = 32514
Sphere_edges = 65280
Sphere_polygons = 32768